(kicad_pcb (version 20171130) (host pcbnew 5.1.9+dfsg1-1~bpo10+1)

  (general
    (thickness 1.6)
    (drawings 18)
    (tracks 15)
    (zones 0)
    (modules 15)
    (nets 4)
  )

  (page A4)
  (title_block
    (title MiniMult)
    (company benjiaomodular)
  )

  (layers
    (0 F.Cu signal)
    (31 B.Cu signal)
    (32 B.Adhes user)
    (33 F.Adhes user)
    (34 B.Paste user)
    (35 F.Paste user)
    (36 B.SilkS user)
    (37 F.SilkS user)
    (38 B.Mask user)
    (39 F.Mask user)
    (40 Dwgs.User user)
    (41 Cmts.User user)
    (42 Eco1.User user)
    (43 Eco2.User user)
    (44 Edge.Cuts user)
    (45 Margin user)
    (46 B.CrtYd user)
    (47 F.CrtYd user)
    (48 B.Fab user)
    (49 F.Fab user)
  )

  (setup
    (last_trace_width 0.75)
    (user_trace_width 0.75)
    (trace_clearance 0.2)
    (zone_clearance 0.508)
    (zone_45_only no)
    (trace_min 0.2)
    (via_size 0.8)
    (via_drill 0.4)
    (via_min_size 0.4)
    (via_min_drill 0.3)
    (uvia_size 0.3)
    (uvia_drill 0.1)
    (uvias_allowed no)
    (uvia_min_size 0.2)
    (uvia_min_drill 0.1)
    (edge_width 0.05)
    (segment_width 0.2)
    (pcb_text_width 0.3)
    (pcb_text_size 1.5 1.5)
    (mod_edge_width 0.12)
    (mod_text_size 1 1)
    (mod_text_width 0.15)
    (pad_size 1.524 1.524)
    (pad_drill 0.762)
    (pad_to_mask_clearance 0)
    (aux_axis_origin 0 0)
    (visible_elements FFFFFF7F)
    (pcbplotparams
      (layerselection 0x010fc_ffffffff)
      (usegerberextensions false)
      (usegerberattributes true)
      (usegerberadvancedattributes true)
      (creategerberjobfile true)
      (excludeedgelayer true)
      (linewidth 0.100000)
      (plotframeref false)
      (viasonmask false)
      (mode 1)
      (useauxorigin false)
      (hpglpennumber 1)
      (hpglpenspeed 20)
      (hpglpendiameter 15.000000)
      (psnegative false)
      (psa4output false)
      (plotreference true)
      (plotvalue true)
      (plotinvisibletext false)
      (padsonsilk false)
      (subtractmaskfromsilk false)
      (outputformat 1)
      (mirror false)
      (drillshape 1)
      (scaleselection 1)
      (outputdirectory ""))
  )

  (net 0 "")
  (net 1 GND)
  (net 2 "Net-(J1-PadT)")
  (net 3 "Net-(J4-PadT)")

  (net_class Default "This is the default net class."
    (clearance 0.2)
    (trace_width 0.25)
    (via_dia 0.8)
    (via_drill 0.4)
    (uvia_dia 0.3)
    (uvia_drill 0.1)
    (add_net GND)
    (add_net "Net-(J1-PadT)")
    (add_net "Net-(J4-PadT)")
  )

  (module benjiaomodular:PanelHole_AudioJack_3.5mm (layer F.Cu) (tedit 61D861E6) (tstamp 61D9B2B1)
    (at 124.9 122.9)
    (fp_text reference REF** (at 0 0.5) (layer F.Fab)
      (effects (font (size 1 1) (thickness 0.15)))
    )
    (fp_text value PanelHole_AudioJack_3.5mm (at 0.1 13.9 180) (layer F.Fab) hide
      (effects (font (size 1 1) (thickness 0.15)))
    )
    (fp_line (start -4.5 12.48) (end -4.5 2.08) (layer F.Fab) (width 0.1))
    (fp_line (start 4.5 12.48) (end -4.5 12.48) (layer F.Fab) (width 0.1))
    (fp_line (start 5 12.98) (end -5 12.98) (layer F.CrtYd) (width 0.05))
    (fp_line (start 0 0) (end 0 2.03) (layer F.Fab) (width 0.1))
    (fp_line (start 5 -1.42) (end -5 -1.42) (layer F.CrtYd) (width 0.05))
    (fp_line (start 4.5 2.03) (end -4.5 2.03) (layer F.Fab) (width 0.1))
    (fp_line (start -5 12.98) (end -5 -1.42) (layer F.CrtYd) (width 0.05))
    (fp_line (start 4.5 12.48) (end 4.5 2.08) (layer F.Fab) (width 0.1))
    (fp_line (start 5 12.98) (end 5 -1.42) (layer F.CrtYd) (width 0.05))
    (fp_circle (center 0 6.5) (end 4 6.5) (layer F.Fab) (width 0.12))
    (pad "" thru_hole circle (at 0 6.5 180) (size 7 7) (drill 6) (layers *.Cu *.Mask))
  )

  (module benjiaomodular:PanelHole_AudioJack_3.5mm (layer F.Cu) (tedit 61D861E6) (tstamp 61D9B2B1)
    (at 124.9 137.4)
    (fp_text reference REF** (at 0 0.5) (layer F.Fab)
      (effects (font (size 1 1) (thickness 0.15)))
    )
    (fp_text value PanelHole_AudioJack_3.5mm (at 0.1 13.9 180) (layer F.Fab) hide
      (effects (font (size 1 1) (thickness 0.15)))
    )
    (fp_line (start -4.5 12.48) (end -4.5 2.08) (layer F.Fab) (width 0.1))
    (fp_line (start 4.5 12.48) (end -4.5 12.48) (layer F.Fab) (width 0.1))
    (fp_line (start 5 12.98) (end -5 12.98) (layer F.CrtYd) (width 0.05))
    (fp_line (start 0 0) (end 0 2.03) (layer F.Fab) (width 0.1))
    (fp_line (start 5 -1.42) (end -5 -1.42) (layer F.CrtYd) (width 0.05))
    (fp_line (start 4.5 2.03) (end -4.5 2.03) (layer F.Fab) (width 0.1))
    (fp_line (start -5 12.98) (end -5 -1.42) (layer F.CrtYd) (width 0.05))
    (fp_line (start 4.5 12.48) (end 4.5 2.08) (layer F.Fab) (width 0.1))
    (fp_line (start 5 12.98) (end 5 -1.42) (layer F.CrtYd) (width 0.05))
    (fp_circle (center 0 6.5) (end 4 6.5) (layer F.Fab) (width 0.12))
    (pad "" thru_hole circle (at 0 6.5 180) (size 7 7) (drill 6) (layers *.Cu *.Mask))
  )

  (module benjiaomodular:PanelHole_AudioJack_3.5mm (layer F.Cu) (tedit 61D861E6) (tstamp 61D9B2B1)
    (at 124.9 151.9)
    (fp_text reference REF** (at 0 0.5) (layer F.Fab)
      (effects (font (size 1 1) (thickness 0.15)))
    )
    (fp_text value PanelHole_AudioJack_3.5mm (at 0.1 13.9 180) (layer F.Fab) hide
      (effects (font (size 1 1) (thickness 0.15)))
    )
    (fp_line (start -4.5 12.48) (end -4.5 2.08) (layer F.Fab) (width 0.1))
    (fp_line (start 4.5 12.48) (end -4.5 12.48) (layer F.Fab) (width 0.1))
    (fp_line (start 5 12.98) (end -5 12.98) (layer F.CrtYd) (width 0.05))
    (fp_line (start 0 0) (end 0 2.03) (layer F.Fab) (width 0.1))
    (fp_line (start 5 -1.42) (end -5 -1.42) (layer F.CrtYd) (width 0.05))
    (fp_line (start 4.5 2.03) (end -4.5 2.03) (layer F.Fab) (width 0.1))
    (fp_line (start -5 12.98) (end -5 -1.42) (layer F.CrtYd) (width 0.05))
    (fp_line (start 4.5 12.48) (end 4.5 2.08) (layer F.Fab) (width 0.1))
    (fp_line (start 5 12.98) (end 5 -1.42) (layer F.CrtYd) (width 0.05))
    (fp_circle (center 0 6.5) (end 4 6.5) (layer F.Fab) (width 0.12))
    (pad "" thru_hole circle (at 0 6.5 180) (size 7 7) (drill 6) (layers *.Cu *.Mask))
  )

  (module benjiaomodular:PanelHole_AudioJack_3.5mm (layer F.Cu) (tedit 61D861E6) (tstamp 61D9B2B1)
    (at 124.9 108.4)
    (fp_text reference REF** (at 0 0.5) (layer F.Fab)
      (effects (font (size 1 1) (thickness 0.15)))
    )
    (fp_text value PanelHole_AudioJack_3.5mm (at 0.1 13.9 180) (layer F.Fab) hide
      (effects (font (size 1 1) (thickness 0.15)))
    )
    (fp_line (start -4.5 12.48) (end -4.5 2.08) (layer F.Fab) (width 0.1))
    (fp_line (start 4.5 12.48) (end -4.5 12.48) (layer F.Fab) (width 0.1))
    (fp_line (start 5 12.98) (end -5 12.98) (layer F.CrtYd) (width 0.05))
    (fp_line (start 0 0) (end 0 2.03) (layer F.Fab) (width 0.1))
    (fp_line (start 5 -1.42) (end -5 -1.42) (layer F.CrtYd) (width 0.05))
    (fp_line (start 4.5 2.03) (end -4.5 2.03) (layer F.Fab) (width 0.1))
    (fp_line (start -5 12.98) (end -5 -1.42) (layer F.CrtYd) (width 0.05))
    (fp_line (start 4.5 12.48) (end 4.5 2.08) (layer F.Fab) (width 0.1))
    (fp_line (start 5 12.98) (end 5 -1.42) (layer F.CrtYd) (width 0.05))
    (fp_circle (center 0 6.5) (end 4 6.5) (layer F.Fab) (width 0.12))
    (pad "" thru_hole circle (at 0 6.5 180) (size 7 7) (drill 6) (layers *.Cu *.Mask))
  )

  (module benjiaomodular:PanelHole_AudioJack_3.5mm (layer F.Cu) (tedit 61D861E6) (tstamp 61D9B2B1)
    (at 124.9 93.9)
    (fp_text reference REF** (at 0 0.5) (layer F.Fab)
      (effects (font (size 1 1) (thickness 0.15)))
    )
    (fp_text value PanelHole_AudioJack_3.5mm (at 0.1 13.9 180) (layer F.Fab) hide
      (effects (font (size 1 1) (thickness 0.15)))
    )
    (fp_line (start -4.5 12.48) (end -4.5 2.08) (layer F.Fab) (width 0.1))
    (fp_line (start 4.5 12.48) (end -4.5 12.48) (layer F.Fab) (width 0.1))
    (fp_line (start 5 12.98) (end -5 12.98) (layer F.CrtYd) (width 0.05))
    (fp_line (start 0 0) (end 0 2.03) (layer F.Fab) (width 0.1))
    (fp_line (start 5 -1.42) (end -5 -1.42) (layer F.CrtYd) (width 0.05))
    (fp_line (start 4.5 2.03) (end -4.5 2.03) (layer F.Fab) (width 0.1))
    (fp_line (start -5 12.98) (end -5 -1.42) (layer F.CrtYd) (width 0.05))
    (fp_line (start 4.5 12.48) (end 4.5 2.08) (layer F.Fab) (width 0.1))
    (fp_line (start 5 12.98) (end 5 -1.42) (layer F.CrtYd) (width 0.05))
    (fp_circle (center 0 6.5) (end 4 6.5) (layer F.Fab) (width 0.12))
    (pad "" thru_hole circle (at 0 6.5 180) (size 7 7) (drill 6) (layers *.Cu *.Mask))
  )

  (module benjiaomodular:PanelHole_AudioJack_3.5mm (layer F.Cu) (tedit 61D861E6) (tstamp 61D9B2B1)
    (at 124.9 79.4)
    (fp_text reference REF** (at 0 0.5) (layer F.Fab)
      (effects (font (size 1 1) (thickness 0.15)))
    )
    (fp_text value PanelHole_AudioJack_3.5mm (at 0.1 13.9 180) (layer F.Fab) hide
      (effects (font (size 1 1) (thickness 0.15)))
    )
    (fp_line (start -4.5 12.48) (end -4.5 2.08) (layer F.Fab) (width 0.1))
    (fp_line (start 4.5 12.48) (end -4.5 12.48) (layer F.Fab) (width 0.1))
    (fp_line (start 5 12.98) (end -5 12.98) (layer F.CrtYd) (width 0.05))
    (fp_line (start 0 0) (end 0 2.03) (layer F.Fab) (width 0.1))
    (fp_line (start 5 -1.42) (end -5 -1.42) (layer F.CrtYd) (width 0.05))
    (fp_line (start 4.5 2.03) (end -4.5 2.03) (layer F.Fab) (width 0.1))
    (fp_line (start -5 12.98) (end -5 -1.42) (layer F.CrtYd) (width 0.05))
    (fp_line (start 4.5 12.48) (end 4.5 2.08) (layer F.Fab) (width 0.1))
    (fp_line (start 5 12.98) (end 5 -1.42) (layer F.CrtYd) (width 0.05))
    (fp_circle (center 0 6.5) (end 4 6.5) (layer F.Fab) (width 0.12))
    (pad "" thru_hole circle (at 0 6.5 180) (size 7 7) (drill 6) (layers *.Cu *.Mask))
  )

  (module benjiaomodular:PanelHole_AudioJack_3.5mm (layer F.Cu) (tedit 61D861E6) (tstamp 61D9B0AA)
    (at 124.9 64.9)
    (fp_text reference REF** (at 0 0.5) (layer F.Fab)
      (effects (font (size 1 1) (thickness 0.15)))
    )
    (fp_text value PanelHole_AudioJack_3.5mm (at 0.1 13.9 180) (layer F.Fab) hide
      (effects (font (size 1 1) (thickness 0.15)))
    )
    (fp_line (start -4.5 12.48) (end -4.5 2.08) (layer F.Fab) (width 0.1))
    (fp_line (start 4.5 12.48) (end -4.5 12.48) (layer F.Fab) (width 0.1))
    (fp_line (start 5 12.98) (end -5 12.98) (layer F.CrtYd) (width 0.05))
    (fp_line (start 0 0) (end 0 2.03) (layer F.Fab) (width 0.1))
    (fp_line (start 5 -1.42) (end -5 -1.42) (layer F.CrtYd) (width 0.05))
    (fp_line (start 4.5 2.03) (end -4.5 2.03) (layer F.Fab) (width 0.1))
    (fp_line (start -5 12.98) (end -5 -1.42) (layer F.CrtYd) (width 0.05))
    (fp_line (start 4.5 12.48) (end 4.5 2.08) (layer F.Fab) (width 0.1))
    (fp_line (start 5 12.98) (end 5 -1.42) (layer F.CrtYd) (width 0.05))
    (fp_circle (center 0 6.5) (end 4 6.5) (layer F.Fab) (width 0.12))
    (pad "" thru_hole circle (at 0 6.5 180) (size 7 7) (drill 6) (layers *.Cu *.Mask))
  )

  (module benjiaomodular:Panel_2HP (layer F.Cu) (tedit 61D94B16) (tstamp 61D9AE42)
    (at 120 50)
    (fp_text reference REF** (at 5.1 6.1) (layer F.SilkS) hide
      (effects (font (size 1 1) (thickness 0.15)))
    )
    (fp_text value Panel_2HP (at 4.75 -1) (layer F.Fab)
      (effects (font (size 1 1) (thickness 0.15)))
    )
    (fp_line (start 0 0) (end 9.8 0) (layer Dwgs.User) (width 0.12))
    (fp_line (start 9.8 0) (end 9.8 128.5) (layer Dwgs.User) (width 0.12))
    (fp_line (start 0 3) (end 9.8 3) (layer Dwgs.User) (width 0.12))
    (fp_line (start 0 125.5) (end 9.8 125.5) (layer Dwgs.User) (width 0.12))
    (fp_line (start 9.8 128.5) (end 0 128.5) (layer Dwgs.User) (width 0.12))
    (fp_line (start 0 128.5) (end 0 0) (layer Dwgs.User) (width 0.12))
    (fp_line (start 0 115.5) (end 9.8 115.5) (layer Dwgs.User) (width 0.12))
    (fp_line (start 0 13) (end 9.8 13) (layer Dwgs.User) (width 0.12))
    (fp_text user "Clearance for 2020 Aluminum Extrusion" (at 10.5 116.5) (layer Dwgs.User)
      (effects (font (size 0.8 0.8) (thickness 0.12)))
    )
    (fp_text user REF** (at 5.1 6.1) (layer F.SilkS) hide
      (effects (font (size 1 1) (thickness 0.15)))
    )
    (fp_text user REF** (at 5.1 6.1) (layer F.Fab) hide
      (effects (font (size 1 1) (thickness 0.15)))
    )
    (pad 1 thru_hole oval (at 4.9 3) (size 6 4.2) (drill oval 5 3.2) (layers *.Cu *.Mask))
    (pad 1 thru_hole oval (at 4.9 125.5) (size 6 4.2) (drill oval 5 3.2) (layers *.Cu *.Mask))
  )

  (module benjiaomodular:AudioJack_3.5mm (layer F.Cu) (tedit 61D86605) (tstamp 61D9B946)
    (at 143.9 65)
    (path /61D9D025)
    (fp_text reference J1 (at -3.7 1.3) (layer F.SilkS)
      (effects (font (size 1 1) (thickness 0.15)))
    )
    (fp_text value AudioJack2_SwitchT (at 0 -0.5) (layer F.Fab)
      (effects (font (size 1 1) (thickness 0.15)))
    )
    (fp_line (start -1.06 -1) (end -1.06 -0.2) (layer F.SilkS) (width 0.12))
    (fp_circle (center 0 6.48) (end 1.5 6.48) (layer Dwgs.User) (width 0.12))
    (fp_line (start -1.42 6.875) (end 0.4 5.06) (layer Dwgs.User) (width 0.12))
    (fp_line (start 4.5 1.98) (end 4.5 12.48) (layer F.SilkS) (width 0.12))
    (fp_line (start -4.5 12.48) (end -4.5 2.08) (layer F.Fab) (width 0.1))
    (fp_line (start -0.58 7.83) (end 1.36 5.89) (layer Dwgs.User) (width 0.12))
    (fp_line (start 4.5 1.98) (end 0.35 1.98) (layer F.SilkS) (width 0.12))
    (fp_line (start 0.09 7.96) (end 1.48 6.57) (layer Dwgs.User) (width 0.12))
    (fp_line (start -0.35 1.98) (end -4.5 1.98) (layer F.SilkS) (width 0.12))
    (fp_line (start 5 12.98) (end 5 -1.42) (layer F.CrtYd) (width 0.05))
    (fp_circle (center 0 6.48) (end 1.8 6.48) (layer F.SilkS) (width 0.12))
    (fp_line (start -4.5 1.98) (end -4.5 12.48) (layer F.SilkS) (width 0.12))
    (fp_line (start 4.5 12.48) (end 0.5 12.48) (layer F.SilkS) (width 0.12))
    (fp_line (start -1.41 6.02) (end -0.46 5.07) (layer Dwgs.User) (width 0.12))
    (fp_line (start -0.5 12.48) (end -4.5 12.48) (layer F.SilkS) (width 0.12))
    (fp_line (start -1.06 -1) (end -0.2 -1) (layer F.SilkS) (width 0.12))
    (fp_line (start -1.07 7.49) (end 1.01 5.41) (layer Dwgs.User) (width 0.12))
    (fp_line (start -5 12.98) (end -5 -1.42) (layer F.CrtYd) (width 0.05))
    (fp_line (start 4.5 12.48) (end 4.5 2.08) (layer F.Fab) (width 0.1))
    (fp_line (start 4.5 12.48) (end -4.5 12.48) (layer F.Fab) (width 0.1))
    (fp_line (start 4.5 2.03) (end -4.5 2.03) (layer F.Fab) (width 0.1))
    (fp_circle (center 0 6.48) (end 1.8 6.48) (layer F.Fab) (width 0.1))
    (fp_line (start 0 0) (end 0 2.03) (layer F.Fab) (width 0.1))
    (fp_line (start 5 12.98) (end -5 12.98) (layer F.CrtYd) (width 0.05))
    (fp_line (start 5 -1.42) (end -5 -1.42) (layer F.CrtYd) (width 0.05))
    (fp_text user KEEPOUT (at 0 6.48) (layer Cmts.User)
      (effects (font (size 0.4 0.4) (thickness 0.051)))
    )
    (fp_text user %R (at 0 8 180) (layer F.Fab)
      (effects (font (size 1 1) (thickness 0.15)))
    )
    (pad S thru_hole rect (at 0 0 180) (size 1.93 1.83) (drill 1.22) (layers *.Cu *.Mask)
      (net 1 GND))
    (pad TN thru_hole circle (at 0 3.1 180) (size 2.13 2.13) (drill 1.42) (layers *.Cu *.Mask))
    (pad T thru_hole circle (at 0 11.4 180) (size 2.13 2.13) (drill 1.43) (layers *.Cu *.Mask)
      (net 2 "Net-(J1-PadT)"))
  )

  (module benjiaomodular:AudioJack_3.5mm (layer F.Cu) (tedit 61D86605) (tstamp 61D9B968)
    (at 143.9 79.5)
    (path /61D9D798)
    (fp_text reference J2 (at -3.8 1.3) (layer F.SilkS)
      (effects (font (size 1 1) (thickness 0.15)))
    )
    (fp_text value AudioJack2_SwitchT (at 0 -0.5) (layer F.Fab)
      (effects (font (size 1 1) (thickness 0.15)))
    )
    (fp_line (start 5 -1.42) (end -5 -1.42) (layer F.CrtYd) (width 0.05))
    (fp_line (start 5 12.98) (end -5 12.98) (layer F.CrtYd) (width 0.05))
    (fp_line (start 0 0) (end 0 2.03) (layer F.Fab) (width 0.1))
    (fp_circle (center 0 6.48) (end 1.8 6.48) (layer F.Fab) (width 0.1))
    (fp_line (start 4.5 2.03) (end -4.5 2.03) (layer F.Fab) (width 0.1))
    (fp_line (start 4.5 12.48) (end -4.5 12.48) (layer F.Fab) (width 0.1))
    (fp_line (start 4.5 12.48) (end 4.5 2.08) (layer F.Fab) (width 0.1))
    (fp_line (start -5 12.98) (end -5 -1.42) (layer F.CrtYd) (width 0.05))
    (fp_line (start -1.07 7.49) (end 1.01 5.41) (layer Dwgs.User) (width 0.12))
    (fp_line (start -1.06 -1) (end -0.2 -1) (layer F.SilkS) (width 0.12))
    (fp_line (start -0.5 12.48) (end -4.5 12.48) (layer F.SilkS) (width 0.12))
    (fp_line (start -1.41 6.02) (end -0.46 5.07) (layer Dwgs.User) (width 0.12))
    (fp_line (start 4.5 12.48) (end 0.5 12.48) (layer F.SilkS) (width 0.12))
    (fp_line (start -4.5 1.98) (end -4.5 12.48) (layer F.SilkS) (width 0.12))
    (fp_circle (center 0 6.48) (end 1.8 6.48) (layer F.SilkS) (width 0.12))
    (fp_line (start 5 12.98) (end 5 -1.42) (layer F.CrtYd) (width 0.05))
    (fp_line (start -0.35 1.98) (end -4.5 1.98) (layer F.SilkS) (width 0.12))
    (fp_line (start 0.09 7.96) (end 1.48 6.57) (layer Dwgs.User) (width 0.12))
    (fp_line (start 4.5 1.98) (end 0.35 1.98) (layer F.SilkS) (width 0.12))
    (fp_line (start -0.58 7.83) (end 1.36 5.89) (layer Dwgs.User) (width 0.12))
    (fp_line (start -4.5 12.48) (end -4.5 2.08) (layer F.Fab) (width 0.1))
    (fp_line (start 4.5 1.98) (end 4.5 12.48) (layer F.SilkS) (width 0.12))
    (fp_line (start -1.42 6.875) (end 0.4 5.06) (layer Dwgs.User) (width 0.12))
    (fp_circle (center 0 6.48) (end 1.5 6.48) (layer Dwgs.User) (width 0.12))
    (fp_line (start -1.06 -1) (end -1.06 -0.2) (layer F.SilkS) (width 0.12))
    (fp_text user %R (at 0 8 180) (layer F.Fab)
      (effects (font (size 1 1) (thickness 0.15)))
    )
    (fp_text user KEEPOUT (at 0 6.48) (layer Cmts.User)
      (effects (font (size 0.4 0.4) (thickness 0.051)))
    )
    (pad T thru_hole circle (at 0 11.4 180) (size 2.13 2.13) (drill 1.43) (layers *.Cu *.Mask)
      (net 2 "Net-(J1-PadT)"))
    (pad TN thru_hole circle (at 0 3.1 180) (size 2.13 2.13) (drill 1.42) (layers *.Cu *.Mask))
    (pad S thru_hole rect (at 0 0 180) (size 1.93 1.83) (drill 1.22) (layers *.Cu *.Mask)
      (net 1 GND))
  )

  (module benjiaomodular:AudioJack_3.5mm (layer F.Cu) (tedit 61D86605) (tstamp 61D9B98A)
    (at 143.9 94)
    (path /61D9DBF1)
    (fp_text reference J3 (at -3.8 1.3) (layer F.SilkS)
      (effects (font (size 1 1) (thickness 0.15)))
    )
    (fp_text value AudioJack2_SwitchT (at 0 -0.5) (layer F.Fab)
      (effects (font (size 1 1) (thickness 0.15)))
    )
    (fp_line (start -1.06 -1) (end -1.06 -0.2) (layer F.SilkS) (width 0.12))
    (fp_circle (center 0 6.48) (end 1.5 6.48) (layer Dwgs.User) (width 0.12))
    (fp_line (start -1.42 6.875) (end 0.4 5.06) (layer Dwgs.User) (width 0.12))
    (fp_line (start 4.5 1.98) (end 4.5 12.48) (layer F.SilkS) (width 0.12))
    (fp_line (start -4.5 12.48) (end -4.5 2.08) (layer F.Fab) (width 0.1))
    (fp_line (start -0.58 7.83) (end 1.36 5.89) (layer Dwgs.User) (width 0.12))
    (fp_line (start 4.5 1.98) (end 0.35 1.98) (layer F.SilkS) (width 0.12))
    (fp_line (start 0.09 7.96) (end 1.48 6.57) (layer Dwgs.User) (width 0.12))
    (fp_line (start -0.35 1.98) (end -4.5 1.98) (layer F.SilkS) (width 0.12))
    (fp_line (start 5 12.98) (end 5 -1.42) (layer F.CrtYd) (width 0.05))
    (fp_circle (center 0 6.48) (end 1.8 6.48) (layer F.SilkS) (width 0.12))
    (fp_line (start -4.5 1.98) (end -4.5 12.48) (layer F.SilkS) (width 0.12))
    (fp_line (start 4.5 12.48) (end 0.5 12.48) (layer F.SilkS) (width 0.12))
    (fp_line (start -1.41 6.02) (end -0.46 5.07) (layer Dwgs.User) (width 0.12))
    (fp_line (start -0.5 12.48) (end -4.5 12.48) (layer F.SilkS) (width 0.12))
    (fp_line (start -1.06 -1) (end -0.2 -1) (layer F.SilkS) (width 0.12))
    (fp_line (start -1.07 7.49) (end 1.01 5.41) (layer Dwgs.User) (width 0.12))
    (fp_line (start -5 12.98) (end -5 -1.42) (layer F.CrtYd) (width 0.05))
    (fp_line (start 4.5 12.48) (end 4.5 2.08) (layer F.Fab) (width 0.1))
    (fp_line (start 4.5 12.48) (end -4.5 12.48) (layer F.Fab) (width 0.1))
    (fp_line (start 4.5 2.03) (end -4.5 2.03) (layer F.Fab) (width 0.1))
    (fp_circle (center 0 6.48) (end 1.8 6.48) (layer F.Fab) (width 0.1))
    (fp_line (start 0 0) (end 0 2.03) (layer F.Fab) (width 0.1))
    (fp_line (start 5 12.98) (end -5 12.98) (layer F.CrtYd) (width 0.05))
    (fp_line (start 5 -1.42) (end -5 -1.42) (layer F.CrtYd) (width 0.05))
    (fp_text user KEEPOUT (at 0 6.48) (layer Cmts.User)
      (effects (font (size 0.4 0.4) (thickness 0.051)))
    )
    (fp_text user %R (at 0 8 180) (layer F.Fab)
      (effects (font (size 1 1) (thickness 0.15)))
    )
    (pad S thru_hole rect (at 0 0 180) (size 1.93 1.83) (drill 1.22) (layers *.Cu *.Mask)
      (net 1 GND))
    (pad TN thru_hole circle (at 0 3.1 180) (size 2.13 2.13) (drill 1.42) (layers *.Cu *.Mask))
    (pad T thru_hole circle (at 0 11.4 180) (size 2.13 2.13) (drill 1.43) (layers *.Cu *.Mask)
      (net 2 "Net-(J1-PadT)"))
  )

  (module benjiaomodular:AudioJack_3.5mm (layer F.Cu) (tedit 61D86605) (tstamp 61D9B9AC)
    (at 143.9 108.5)
    (path /61D9DF54)
    (fp_text reference J4 (at -3.8 1.3) (layer F.SilkS)
      (effects (font (size 1 1) (thickness 0.15)))
    )
    (fp_text value AudioJack2_SwitchT (at 0 -0.5) (layer F.Fab)
      (effects (font (size 1 1) (thickness 0.15)))
    )
    (fp_line (start 5 -1.42) (end -5 -1.42) (layer F.CrtYd) (width 0.05))
    (fp_line (start 5 12.98) (end -5 12.98) (layer F.CrtYd) (width 0.05))
    (fp_line (start 0 0) (end 0 2.03) (layer F.Fab) (width 0.1))
    (fp_circle (center 0 6.48) (end 1.8 6.48) (layer F.Fab) (width 0.1))
    (fp_line (start 4.5 2.03) (end -4.5 2.03) (layer F.Fab) (width 0.1))
    (fp_line (start 4.5 12.48) (end -4.5 12.48) (layer F.Fab) (width 0.1))
    (fp_line (start 4.5 12.48) (end 4.5 2.08) (layer F.Fab) (width 0.1))
    (fp_line (start -5 12.98) (end -5 -1.42) (layer F.CrtYd) (width 0.05))
    (fp_line (start -1.07 7.49) (end 1.01 5.41) (layer Dwgs.User) (width 0.12))
    (fp_line (start -1.06 -1) (end -0.2 -1) (layer F.SilkS) (width 0.12))
    (fp_line (start -0.5 12.48) (end -4.5 12.48) (layer F.SilkS) (width 0.12))
    (fp_line (start -1.41 6.02) (end -0.46 5.07) (layer Dwgs.User) (width 0.12))
    (fp_line (start 4.5 12.48) (end 0.5 12.48) (layer F.SilkS) (width 0.12))
    (fp_line (start -4.5 1.98) (end -4.5 12.48) (layer F.SilkS) (width 0.12))
    (fp_circle (center 0 6.48) (end 1.8 6.48) (layer F.SilkS) (width 0.12))
    (fp_line (start 5 12.98) (end 5 -1.42) (layer F.CrtYd) (width 0.05))
    (fp_line (start -0.35 1.98) (end -4.5 1.98) (layer F.SilkS) (width 0.12))
    (fp_line (start 0.09 7.96) (end 1.48 6.57) (layer Dwgs.User) (width 0.12))
    (fp_line (start 4.5 1.98) (end 0.35 1.98) (layer F.SilkS) (width 0.12))
    (fp_line (start -0.58 7.83) (end 1.36 5.89) (layer Dwgs.User) (width 0.12))
    (fp_line (start -4.5 12.48) (end -4.5 2.08) (layer F.Fab) (width 0.1))
    (fp_line (start 4.5 1.98) (end 4.5 12.48) (layer F.SilkS) (width 0.12))
    (fp_line (start -1.42 6.875) (end 0.4 5.06) (layer Dwgs.User) (width 0.12))
    (fp_circle (center 0 6.48) (end 1.5 6.48) (layer Dwgs.User) (width 0.12))
    (fp_line (start -1.06 -1) (end -1.06 -0.2) (layer F.SilkS) (width 0.12))
    (fp_text user %R (at 0 8 180) (layer F.Fab)
      (effects (font (size 1 1) (thickness 0.15)))
    )
    (fp_text user KEEPOUT (at 0 6.48) (layer Cmts.User)
      (effects (font (size 0.4 0.4) (thickness 0.051)))
    )
    (pad T thru_hole circle (at 0 11.4 180) (size 2.13 2.13) (drill 1.43) (layers *.Cu *.Mask)
      (net 3 "Net-(J4-PadT)"))
    (pad TN thru_hole circle (at 0 3.1 180) (size 2.13 2.13) (drill 1.42) (layers *.Cu *.Mask))
    (pad S thru_hole rect (at 0 0 180) (size 1.93 1.83) (drill 1.22) (layers *.Cu *.Mask)
      (net 1 GND))
  )

  (module benjiaomodular:AudioJack_3.5mm (layer F.Cu) (tedit 61D86605) (tstamp 61D9B9CE)
    (at 143.9 123)
    (path /61D9E525)
    (fp_text reference J5 (at -3.8 1.3) (layer F.SilkS)
      (effects (font (size 1 1) (thickness 0.15)))
    )
    (fp_text value AudioJack2_SwitchT (at 0 -0.5) (layer F.Fab)
      (effects (font (size 1 1) (thickness 0.15)))
    )
    (fp_line (start -1.06 -1) (end -1.06 -0.2) (layer F.SilkS) (width 0.12))
    (fp_circle (center 0 6.48) (end 1.5 6.48) (layer Dwgs.User) (width 0.12))
    (fp_line (start -1.42 6.875) (end 0.4 5.06) (layer Dwgs.User) (width 0.12))
    (fp_line (start 4.5 1.98) (end 4.5 12.48) (layer F.SilkS) (width 0.12))
    (fp_line (start -4.5 12.48) (end -4.5 2.08) (layer F.Fab) (width 0.1))
    (fp_line (start -0.58 7.83) (end 1.36 5.89) (layer Dwgs.User) (width 0.12))
    (fp_line (start 4.5 1.98) (end 0.35 1.98) (layer F.SilkS) (width 0.12))
    (fp_line (start 0.09 7.96) (end 1.48 6.57) (layer Dwgs.User) (width 0.12))
    (fp_line (start -0.35 1.98) (end -4.5 1.98) (layer F.SilkS) (width 0.12))
    (fp_line (start 5 12.98) (end 5 -1.42) (layer F.CrtYd) (width 0.05))
    (fp_circle (center 0 6.48) (end 1.8 6.48) (layer F.SilkS) (width 0.12))
    (fp_line (start -4.5 1.98) (end -4.5 12.48) (layer F.SilkS) (width 0.12))
    (fp_line (start 4.5 12.48) (end 0.5 12.48) (layer F.SilkS) (width 0.12))
    (fp_line (start -1.41 6.02) (end -0.46 5.07) (layer Dwgs.User) (width 0.12))
    (fp_line (start -0.5 12.48) (end -4.5 12.48) (layer F.SilkS) (width 0.12))
    (fp_line (start -1.06 -1) (end -0.2 -1) (layer F.SilkS) (width 0.12))
    (fp_line (start -1.07 7.49) (end 1.01 5.41) (layer Dwgs.User) (width 0.12))
    (fp_line (start -5 12.98) (end -5 -1.42) (layer F.CrtYd) (width 0.05))
    (fp_line (start 4.5 12.48) (end 4.5 2.08) (layer F.Fab) (width 0.1))
    (fp_line (start 4.5 12.48) (end -4.5 12.48) (layer F.Fab) (width 0.1))
    (fp_line (start 4.5 2.03) (end -4.5 2.03) (layer F.Fab) (width 0.1))
    (fp_circle (center 0 6.48) (end 1.8 6.48) (layer F.Fab) (width 0.1))
    (fp_line (start 0 0) (end 0 2.03) (layer F.Fab) (width 0.1))
    (fp_line (start 5 12.98) (end -5 12.98) (layer F.CrtYd) (width 0.05))
    (fp_line (start 5 -1.42) (end -5 -1.42) (layer F.CrtYd) (width 0.05))
    (fp_text user KEEPOUT (at 0 6.48) (layer Cmts.User)
      (effects (font (size 0.4 0.4) (thickness 0.051)))
    )
    (fp_text user %R (at 0 8 180) (layer F.Fab)
      (effects (font (size 1 1) (thickness 0.15)))
    )
    (pad S thru_hole rect (at 0 0 180) (size 1.93 1.83) (drill 1.22) (layers *.Cu *.Mask)
      (net 1 GND))
    (pad TN thru_hole circle (at 0 3.1 180) (size 2.13 2.13) (drill 1.42) (layers *.Cu *.Mask))
    (pad T thru_hole circle (at 0 11.4 180) (size 2.13 2.13) (drill 1.43) (layers *.Cu *.Mask)
      (net 3 "Net-(J4-PadT)"))
  )

  (module benjiaomodular:AudioJack_3.5mm (layer F.Cu) (tedit 61D86605) (tstamp 61D9B9F0)
    (at 143.9 137.5)
    (path /61D9E909)
    (fp_text reference J6 (at -3.8 1.3) (layer F.SilkS)
      (effects (font (size 1 1) (thickness 0.15)))
    )
    (fp_text value AudioJack2_SwitchT (at 0 -0.5) (layer F.Fab)
      (effects (font (size 1 1) (thickness 0.15)))
    )
    (fp_line (start 5 -1.42) (end -5 -1.42) (layer F.CrtYd) (width 0.05))
    (fp_line (start 5 12.98) (end -5 12.98) (layer F.CrtYd) (width 0.05))
    (fp_line (start 0 0) (end 0 2.03) (layer F.Fab) (width 0.1))
    (fp_circle (center 0 6.48) (end 1.8 6.48) (layer F.Fab) (width 0.1))
    (fp_line (start 4.5 2.03) (end -4.5 2.03) (layer F.Fab) (width 0.1))
    (fp_line (start 4.5 12.48) (end -4.5 12.48) (layer F.Fab) (width 0.1))
    (fp_line (start 4.5 12.48) (end 4.5 2.08) (layer F.Fab) (width 0.1))
    (fp_line (start -5 12.98) (end -5 -1.42) (layer F.CrtYd) (width 0.05))
    (fp_line (start -1.07 7.49) (end 1.01 5.41) (layer Dwgs.User) (width 0.12))
    (fp_line (start -1.06 -1) (end -0.2 -1) (layer F.SilkS) (width 0.12))
    (fp_line (start -0.5 12.48) (end -4.5 12.48) (layer F.SilkS) (width 0.12))
    (fp_line (start -1.41 6.02) (end -0.46 5.07) (layer Dwgs.User) (width 0.12))
    (fp_line (start 4.5 12.48) (end 0.5 12.48) (layer F.SilkS) (width 0.12))
    (fp_line (start -4.5 1.98) (end -4.5 12.48) (layer F.SilkS) (width 0.12))
    (fp_circle (center 0 6.48) (end 1.8 6.48) (layer F.SilkS) (width 0.12))
    (fp_line (start 5 12.98) (end 5 -1.42) (layer F.CrtYd) (width 0.05))
    (fp_line (start -0.35 1.98) (end -4.5 1.98) (layer F.SilkS) (width 0.12))
    (fp_line (start 0.09 7.96) (end 1.48 6.57) (layer Dwgs.User) (width 0.12))
    (fp_line (start 4.5 1.98) (end 0.35 1.98) (layer F.SilkS) (width 0.12))
    (fp_line (start -0.58 7.83) (end 1.36 5.89) (layer Dwgs.User) (width 0.12))
    (fp_line (start -4.5 12.48) (end -4.5 2.08) (layer F.Fab) (width 0.1))
    (fp_line (start 4.5 1.98) (end 4.5 12.48) (layer F.SilkS) (width 0.12))
    (fp_line (start -1.42 6.875) (end 0.4 5.06) (layer Dwgs.User) (width 0.12))
    (fp_circle (center 0 6.48) (end 1.5 6.48) (layer Dwgs.User) (width 0.12))
    (fp_line (start -1.06 -1) (end -1.06 -0.2) (layer F.SilkS) (width 0.12))
    (fp_text user %R (at 0 8 180) (layer F.Fab)
      (effects (font (size 1 1) (thickness 0.15)))
    )
    (fp_text user KEEPOUT (at 0 6.48) (layer Cmts.User)
      (effects (font (size 0.4 0.4) (thickness 0.051)))
    )
    (pad T thru_hole circle (at 0 11.4 180) (size 2.13 2.13) (drill 1.43) (layers *.Cu *.Mask)
      (net 3 "Net-(J4-PadT)"))
    (pad TN thru_hole circle (at 0 3.1 180) (size 2.13 2.13) (drill 1.42) (layers *.Cu *.Mask))
    (pad S thru_hole rect (at 0 0 180) (size 1.93 1.83) (drill 1.22) (layers *.Cu *.Mask)
      (net 1 GND))
  )

  (module benjiaomodular:AudioJack_3.5mm (layer F.Cu) (tedit 61D86605) (tstamp 61D9BA12)
    (at 143.9 152)
    (path /61D9F1E7)
    (fp_text reference J7 (at -3.8 1.2) (layer F.SilkS)
      (effects (font (size 1 1) (thickness 0.15)))
    )
    (fp_text value AudioJack2_SwitchT (at 0 -0.5) (layer F.Fab)
      (effects (font (size 1 1) (thickness 0.15)))
    )
    (fp_line (start -1.06 -1) (end -1.06 -0.2) (layer F.SilkS) (width 0.12))
    (fp_circle (center 0 6.48) (end 1.5 6.48) (layer Dwgs.User) (width 0.12))
    (fp_line (start -1.42 6.875) (end 0.4 5.06) (layer Dwgs.User) (width 0.12))
    (fp_line (start 4.5 1.98) (end 4.5 12.48) (layer F.SilkS) (width 0.12))
    (fp_line (start -4.5 12.48) (end -4.5 2.08) (layer F.Fab) (width 0.1))
    (fp_line (start -0.58 7.83) (end 1.36 5.89) (layer Dwgs.User) (width 0.12))
    (fp_line (start 4.5 1.98) (end 0.35 1.98) (layer F.SilkS) (width 0.12))
    (fp_line (start 0.09 7.96) (end 1.48 6.57) (layer Dwgs.User) (width 0.12))
    (fp_line (start -0.35 1.98) (end -4.5 1.98) (layer F.SilkS) (width 0.12))
    (fp_line (start 5 12.98) (end 5 -1.42) (layer F.CrtYd) (width 0.05))
    (fp_circle (center 0 6.48) (end 1.8 6.48) (layer F.SilkS) (width 0.12))
    (fp_line (start -4.5 1.98) (end -4.5 12.48) (layer F.SilkS) (width 0.12))
    (fp_line (start 4.5 12.48) (end 0.5 12.48) (layer F.SilkS) (width 0.12))
    (fp_line (start -1.41 6.02) (end -0.46 5.07) (layer Dwgs.User) (width 0.12))
    (fp_line (start -0.5 12.48) (end -4.5 12.48) (layer F.SilkS) (width 0.12))
    (fp_line (start -1.06 -1) (end -0.2 -1) (layer F.SilkS) (width 0.12))
    (fp_line (start -1.07 7.49) (end 1.01 5.41) (layer Dwgs.User) (width 0.12))
    (fp_line (start -5 12.98) (end -5 -1.42) (layer F.CrtYd) (width 0.05))
    (fp_line (start 4.5 12.48) (end 4.5 2.08) (layer F.Fab) (width 0.1))
    (fp_line (start 4.5 12.48) (end -4.5 12.48) (layer F.Fab) (width 0.1))
    (fp_line (start 4.5 2.03) (end -4.5 2.03) (layer F.Fab) (width 0.1))
    (fp_circle (center 0 6.48) (end 1.8 6.48) (layer F.Fab) (width 0.1))
    (fp_line (start 0 0) (end 0 2.03) (layer F.Fab) (width 0.1))
    (fp_line (start 5 12.98) (end -5 12.98) (layer F.CrtYd) (width 0.05))
    (fp_line (start 5 -1.42) (end -5 -1.42) (layer F.CrtYd) (width 0.05))
    (fp_text user KEEPOUT (at 0 6.48) (layer Cmts.User)
      (effects (font (size 0.4 0.4) (thickness 0.051)))
    )
    (fp_text user %R (at 0 8 180) (layer F.Fab)
      (effects (font (size 1 1) (thickness 0.15)))
    )
    (pad S thru_hole rect (at 0 0 180) (size 1.93 1.83) (drill 1.22) (layers *.Cu *.Mask)
      (net 1 GND))
    (pad TN thru_hole circle (at 0 3.1 180) (size 2.13 2.13) (drill 1.42) (layers *.Cu *.Mask))
    (pad T thru_hole circle (at 0 11.4 180) (size 2.13 2.13) (drill 1.43) (layers *.Cu *.Mask)
      (net 3 "Net-(J4-PadT)"))
  )

  (gr_text benjiaomodular.com (at 147.9 157.6 90) (layer B.SilkS) (tstamp 61D9C6C3)
    (effects (font (size 1 1) (thickness 0.15)) (justify mirror))
  )
  (gr_text benjiaomodular.com (at 128.7 168.3 90) (layer B.SilkS)
    (effects (font (size 1 1) (thickness 0.15)) (justify mirror))
  )
  (gr_text "MiniMult v1.0" (at 146.45 155.1 90) (layer B.SilkS) (tstamp 61D9C4B7)
    (effects (font (size 1 1) (thickness 0.15)) (justify mirror))
  )
  (gr_text "MiniMult v1.0" (at 127.25 167.55 90) (layer B.SilkS)
    (effects (font (size 1 1) (thickness 0.15)) (justify mirror))
  )
  (gr_line (start 124.9 147.7) (end 124.9 154.6) (layer F.Mask) (width 0.6) (tstamp 61D9C0C4))
  (gr_line (start 124.9 133.2) (end 124.9 140.1) (layer F.Mask) (width 0.6) (tstamp 61D9C0C4))
  (gr_line (start 124.9 118.7) (end 124.9 125.6) (layer F.Mask) (width 0.6) (tstamp 61D9C0C4))
  (gr_line (start 124.9 89.7) (end 124.9 96.6) (layer F.Mask) (width 0.6) (tstamp 61D9C0C4))
  (gr_line (start 124.9 75.2) (end 124.9 82.1) (layer F.Mask) (width 0.6))
  (gr_text X (at 125 61.1) (layer F.Mask)
    (effects (font (size 4 4) (thickness 0.45)))
  )
  (gr_line (start 139 165.5) (end 139 63) (layer Edge.Cuts) (width 0.05) (tstamp 61D9BBE1))
  (gr_line (start 148.8 165.5) (end 139 165.5) (layer Edge.Cuts) (width 0.05))
  (gr_line (start 148.8 63) (end 148.8 165.5) (layer Edge.Cuts) (width 0.05))
  (gr_line (start 139 63) (end 148.8 63) (layer Edge.Cuts) (width 0.05))
  (gr_line (start 129.8 50) (end 129.8 178.5) (layer Edge.Cuts) (width 0.1))
  (gr_line (start 120 50) (end 129.8 50) (layer Edge.Cuts) (width 0.1))
  (gr_line (start 120 178.5) (end 120 50) (layer Edge.Cuts) (width 0.1))
  (gr_line (start 129.8 178.5) (end 120 178.5) (layer Edge.Cuts) (width 0.1))

  (segment (start 143.9 76.4) (end 147 79.5) (width 0.75) (layer F.Cu) (net 2) (status 10))
  (segment (start 143.9 105.4) (end 146.9 102.4) (width 0.75) (layer F.Cu) (net 2) (status 10))
  (segment (start 147 87.8) (end 147 87.7) (width 0.75) (layer F.Cu) (net 2))
  (segment (start 143.9 90.9) (end 147 87.8) (width 0.75) (layer F.Cu) (net 2) (status 10))
  (segment (start 147 79.5) (end 147 87.7) (width 0.75) (layer F.Cu) (net 2))
  (segment (start 147 87.7) (end 147 102.4) (width 0.75) (layer F.Cu) (net 2))
  (segment (start 143.9 119.9) (end 147 123) (width 0.75) (layer F.Cu) (net 3))
  (segment (start 147 160.3) (end 143.9 163.4) (width 0.75) (layer F.Cu) (net 3))
  (segment (start 146.7 131.6) (end 147 131.6) (width 0.75) (layer F.Cu) (net 3))
  (segment (start 143.9 134.4) (end 146.7 131.6) (width 0.75) (layer F.Cu) (net 3))
  (segment (start 147 123) (end 147 131.6) (width 0.75) (layer F.Cu) (net 3))
  (segment (start 143.9 148.9) (end 147 145.8) (width 0.75) (layer F.Cu) (net 3))
  (segment (start 147 145.8) (end 147 145) (width 0.75) (layer F.Cu) (net 3))
  (segment (start 147 131.6) (end 147 145) (width 0.75) (layer F.Cu) (net 3))
  (segment (start 147 145) (end 147 160.3) (width 0.75) (layer F.Cu) (net 3))

  (zone (net 1) (net_name GND) (layer F.Cu) (tstamp 0) (hatch edge 0.508)
    (connect_pads (clearance 0.508))
    (min_thickness 0.254)
    (fill yes (arc_segments 32) (thermal_gap 0.508) (thermal_bridge_width 0.508))
    (polygon
      (pts
        (xy 148.5 165.2) (xy 139.3 165.2) (xy 139.2 63.2) (xy 148.6 63.2)
      )
    )
    (filled_polygon
      (pts
        (xy 142.404463 63.730506) (xy 142.345498 63.84082) (xy 142.309188 63.960518) (xy 142.296928 64.085) (xy 142.3 64.71425)
        (xy 142.45875 64.873) (xy 143.773 64.873) (xy 143.773 64.853) (xy 144.027 64.853) (xy 144.027 64.873)
        (xy 145.34125 64.873) (xy 145.5 64.71425) (xy 145.503072 64.085) (xy 145.490812 63.960518) (xy 145.454502 63.84082)
        (xy 145.395537 63.730506) (xy 145.337674 63.66) (xy 148.14 63.66) (xy 148.140001 164.84) (xy 144.804808 164.84)
        (xy 144.983687 164.720477) (xy 145.220477 164.483687) (xy 145.406521 164.205252) (xy 145.53467 163.895872) (xy 145.6 163.567435)
        (xy 145.6 163.232565) (xy 145.58271 163.145645) (xy 147.679094 161.049261) (xy 147.717633 161.017633) (xy 147.843847 160.86384)
        (xy 147.937632 160.68838) (xy 147.995385 160.497994) (xy 148.01 160.349608) (xy 148.01 160.349606) (xy 148.014886 160.300001)
        (xy 148.01 160.250396) (xy 148.01 145.849606) (xy 148.014886 145.800001) (xy 148.01 145.750396) (xy 148.01 131.649608)
        (xy 148.014886 131.6) (xy 148.01 131.550392) (xy 148.01 123.049604) (xy 148.014886 122.999999) (xy 148.002377 122.873)
        (xy 147.995385 122.802006) (xy 147.937632 122.61162) (xy 147.843847 122.43616) (xy 147.717633 122.282367) (xy 147.679094 122.250739)
        (xy 145.58271 120.154355) (xy 145.6 120.067435) (xy 145.6 119.732565) (xy 145.53467 119.404128) (xy 145.406521 119.094748)
        (xy 145.220477 118.816313) (xy 144.983687 118.579523) (xy 144.705252 118.393479) (xy 144.395872 118.26533) (xy 144.067435 118.2)
        (xy 143.732565 118.2) (xy 143.404128 118.26533) (xy 143.094748 118.393479) (xy 142.816313 118.579523) (xy 142.579523 118.816313)
        (xy 142.393479 119.094748) (xy 142.26533 119.404128) (xy 142.2 119.732565) (xy 142.2 120.067435) (xy 142.26533 120.395872)
        (xy 142.393479 120.705252) (xy 142.579523 120.983687) (xy 142.816313 121.220477) (xy 143.094748 121.406521) (xy 143.19514 121.448105)
        (xy 142.935 121.446928) (xy 142.810518 121.459188) (xy 142.69082 121.495498) (xy 142.580506 121.554463) (xy 142.483815 121.633815)
        (xy 142.404463 121.730506) (xy 142.345498 121.84082) (xy 142.309188 121.960518) (xy 142.296928 122.085) (xy 142.3 122.71425)
        (xy 142.45875 122.873) (xy 143.773 122.873) (xy 143.773 122.853) (xy 144.027 122.853) (xy 144.027 122.873)
        (xy 145.34125 122.873) (xy 145.392948 122.821303) (xy 145.99 123.418355) (xy 145.990001 130.876102) (xy 145.982367 130.882367)
        (xy 145.950744 130.9209) (xy 144.154355 132.717289) (xy 144.067435 132.7) (xy 143.732565 132.7) (xy 143.404128 132.76533)
        (xy 143.094748 132.893479) (xy 142.816313 133.079523) (xy 142.579523 133.316313) (xy 142.393479 133.594748) (xy 142.26533 133.904128)
        (xy 142.2 134.232565) (xy 142.2 134.567435) (xy 142.26533 134.895872) (xy 142.393479 135.205252) (xy 142.579523 135.483687)
        (xy 142.816313 135.720477) (xy 143.094748 135.906521) (xy 143.19514 135.948105) (xy 142.935 135.946928) (xy 142.810518 135.959188)
        (xy 142.69082 135.995498) (xy 142.580506 136.054463) (xy 142.483815 136.133815) (xy 142.404463 136.230506) (xy 142.345498 136.34082)
        (xy 142.309188 136.460518) (xy 142.296928 136.585) (xy 142.3 137.21425) (xy 142.45875 137.373) (xy 143.773 137.373)
        (xy 143.773 137.353) (xy 144.027 137.353) (xy 144.027 137.373) (xy 145.34125 137.373) (xy 145.5 137.21425)
        (xy 145.503072 136.585) (xy 145.490812 136.460518) (xy 145.454502 136.34082) (xy 145.395537 136.230506) (xy 145.316185 136.133815)
        (xy 145.219494 136.054463) (xy 145.10918 135.995498) (xy 144.989482 135.959188) (xy 144.865 135.946928) (xy 144.60486 135.948105)
        (xy 144.705252 135.906521) (xy 144.983687 135.720477) (xy 145.220477 135.483687) (xy 145.406521 135.205252) (xy 145.53467 134.895872)
        (xy 145.6 134.567435) (xy 145.6 134.232565) (xy 145.582711 134.145645) (xy 145.99 133.738355) (xy 145.990001 144.950383)
        (xy 145.99 144.950393) (xy 145.99 145.381645) (xy 144.154355 147.21729) (xy 144.067435 147.2) (xy 143.732565 147.2)
        (xy 143.404128 147.26533) (xy 143.094748 147.393479) (xy 142.816313 147.579523) (xy 142.579523 147.816313) (xy 142.393479 148.094748)
        (xy 142.26533 148.404128) (xy 142.2 148.732565) (xy 142.2 149.067435) (xy 142.26533 149.395872) (xy 142.393479 149.705252)
        (xy 142.579523 149.983687) (xy 142.816313 150.220477) (xy 143.094748 150.406521) (xy 143.19514 150.448105) (xy 142.935 150.446928)
